 replication  obs_mean  sim_mean      mae     rmse      mape  throughput_per_hr  lq  wq_mins  max_queue_length  n_buses
           1 52.892226 52.524442 6.420231 8.307168 12.636869           2.828873 0.0      0.0                 0       23
           2 52.892226 52.657786 6.448810 8.329581 12.695921           2.828906 0.0      0.0                 0       23
           3 52.892226 52.609998 6.375247 8.253046 12.564147           2.828929 0.0      0.0                 0       23
           4 52.892226 52.598895 6.405254 8.275497 12.617420           2.828890 0.0      0.0                 0       23
           5 52.892226 52.576839 6.454683 8.315508 12.713517           2.828962 0.0      0.0                 0       23
           6 52.892226 52.617058 6.367883 8.242111 12.545657           2.828829 0.0      0.0                 0       23
           7 52.892226 52.552299 6.381205 8.273994 12.555574           2.828929 0.0      0.0                 0       23
           8 52.892226 52.550743 6.455014 8.347974 12.709469           2.828939 0.0      0.0                 0       23
           9 52.892226 52.626226 6.423024 8.280990 12.644080           2.828977 0.0      0.0                 0       23
          10 52.892226 52.531121 6.460005 8.336443 12.706315           2.828887 0.0      0.0                 0       23