 replication  obs_mean  sim_mean      mae     rmse      mape  throughput_per_hr  lq  wq_mins  max_queue_length  n_buses
           1 52.892226 46.946654 8.205732 9.952063 15.240465           2.829042 0.0      0.0                 0       23
           2 52.892226 46.986832 8.086895 9.826994 14.992219           2.828964 0.0      0.0                 0       23
           3 52.892226 47.065962 8.112728 9.893788 15.078387           2.829047 0.0      0.0                 0       23
           4 52.892226 46.960151 8.213844 9.955733 15.263551           2.828999 0.0      0.0                 0       23
           5 52.892226 46.960755 8.139164 9.906490 15.082688           2.829055 0.0      0.0                 0       23
           6 52.892226 47.022973 8.144482 9.865119 15.136296           2.829007 0.0      0.0                 0       23
           7 52.892226 47.018303 8.120281 9.885531 15.073508           2.828979 0.0      0.0                 0       23
           8 52.892226 46.944086 8.184192 9.901714 15.193401           2.828932 0.0      0.0                 0       23
           9 52.892226 46.925549 8.165147 9.939196 15.137805           2.829012 0.0      0.0                 0       23
          10 52.892226 46.921832 8.243235 9.985201 15.302073           2.829016 0.0      0.0                 0       23